5000 3000
2 4622
3 2719
6 1600
9 3831
11 2119
11 2906
12 3542
17 2202
19 1464
21 3636
22 3963
25 800
25 2884
27 2609
28 3109
30 1619
31 3114
31 4493
33 1047
35 3582
36 1413
36 3161
36 4213
38 3227
39 451
40 2727
45 834
45 2291
45 2296
45 2922
45 3384
48 1900
50 3119
52 1511
54 4237
60 1650
65 1899
66 2920
67 410
68 1065
74 2958
75 543
76 4975
78 1334
78 1375
80 324
80 1140
82 1529
83 4218
85 4772
86 721
87 4872
88 4125
93 2172
94 3376
95 1002
95 2459
98 4748
101 3235
104 4214
105 3372
105 4744
106 668
106 986
107 3562
108 3119
108 3191
109 2150
110 1431
112 1447
112 4936
113 2875
113 4392
113 4726
114 2479
115 2015
122 3638
123 3664
125 3861
128 2223
128 3326
131 3219
132 772
135 1512
137 786
137 3744
139 4727
141 3609
142 3620
144 1407
145 2058
146 775
148 3145
150 3624
154 1780
154 2937
157 3803
158 2010
160 1958
161 4238
163 3457
164 4188
165 3023
169 567
170 3449
170 4972
172 707
173 1180
174 601
174 1077
174 3926
174 4423
175 2169
179 3108
181 1785
182 486
184 2075
185 423
188 695
188 3687
189 509
191 1973
192 420
195 3610
197 1229
198 611
201 3270
203 232
209 3971
210 691
210 3653
211 410
215 888
216 3106
216 4825
217 4816
220 2504
221 2795
222 3096
223 408
224 1310
226 3372
227 926
229 2680
230 577
230 3987
235 3264
236 3838
237 4256
239 1869
240 2146
241 2424
241 3240
247 3738
248 4952
252 674
255 2342
257 4820
260 2008
260 2276
262 2929
263 4541
263 4964
264 841
264 943
267 3559
272 1325
274 4887
281 1295
288 1164
291 2820
295 450
295 2666
296 688
296 3397
302 3430
304 4570
305 1652
306 3458
307 897
307 4156
307 4221
308 588
311 2419
313 4197
315 3373
316 2660
317 2062
317 4528
321 2757
321 3667
324 1112
325 2435
326 356
327 775
328 2776
329 1068
334 4031
335 604
336 1111
337 3953
337 4824
338 1902
339 4233
342 4262
345 1665
345 3569
347 916
348 1466
348 3643
349 875
349 1572
350 361
352 2465
353 4366
356 414
358 666
359 2350
359 2553
360 3208
361 2258
362 1774
363 3226
366 4463
367 3381
368 949
373 456
374 1134
375 1882
376 3699
379 544
381 1575
382 2035
383 483
383 1097
383 4195
388 1610
388 4561
388 4978
390 1777
391 2736
391 3661
395 3021
396 2039
396 3439
398 4286
403 2395
404 4904
405 3024
407 2431
407 3376
407 4352
408 2070
413 1408
414 416
414 3226
416 461
416 3784
417 1248
418 4620
427 4259
427 4369
429 2517
429 4274
432 678
433 844
434 2320
434 2835
435 713
436 2254
440 2875
441 1112
441 1688
443 4506
445 2021
445 2457
447 2000
450 3213
451 795
451 1086
455 2742
455 4862
459 949
459 2215
459 4337
460 1235
461 1948
463 2678
464 1961
464 2636
464 4941
465 573
466 1630
468 1089
469 3600
471 3347
475 4660
480 3381
482 3285
483 504
483 1787
487 3153
487 3336
488 1507
488 1933
490 4915
492 922
495 3050
496 1227
496 1475
497 2532
497 3837
498 1256
498 1409
500 1112
501 994
501 2102
505 1534
506 2413
513 4928
514 1051
518 2308
521 1166
523 1496
526 2203
527 2801
531 1298
533 1588
534 1722
534 4422
535 1504
536 1694
536 3976
537 587
537 3687
538 2476
539 1958
539 2767
542 3535
543 1774
544 2940
544 3499
544 3630
545 2957
545 3649
545 4280
545 4507
546 813
546 1755
547 2518
547 3079
549 4480
552 632
552 2351
552 2770
553 2056
553 3110
553 4759
555 738
558 3757
558 4951
559 2423
562 2304
564 1672
564 3637
565 3734
570 3930
571 4307
573 881
574 2607
575 4947
577 2531
577 2987
578 3784
581 1636
581 2301
582 631
584 2955
587 795
589 2570
589 4404
590 2209
591 2842
593 607
593 4299
594 4694
595 2289
595 3101
596 4853
599 4551
599 4972
600 2777
603 4393
605 4760
606 1731
607 4577
608 1196
608 4636
611 4137
614 4242
615 1459
616 1809
616 1876
617 3925
621 4954
622 2952
622 4431
623 874
625 2030
630 2022
634 1883
638 2213
638 3208
640 1667
641 785
643 3063
643 3808
645 3337
645 4220
646 2269
648 2311
649 772
651 2768
657 1893
659 4539
662 1540
664 2408
664 3521
670 2625
670 4104
672 3240
673 2782
674 4273
675 1219
675 2842
675 3019
676 2652
676 4036
678 4684
679 1048
679 1517
679 4509
683 3820
687 947
689 2301
690 887
690 3768
693 2252
693 4696
695 995
696 3015
697 2978
698 1698
699 1104
703 1147
707 2654
708 3032
709 2526
710 1111
714 2209
714 2977
716 947
716 1804
718 782
721 2630
721 3575
722 1807
723 2669
727 4764
731 4958
733 2711
736 1599
736 3881
743 2734
748 1253
748 3527
749 3994
753 1760
753 2921
755 3929
756 3716
758 2369
758 4468
759 2390
761 2615
763 4188
763 4459
768 2573
769 2208
773 2378
773 2774
776 2032
777 1464
777 3910
778 3076
780 1869
780 2114
781 3036
784 4813
785 1959
785 4402
786 2528
786 3809
792 841
793 1715
794 1471
795 1670
796 1619
796 3614
796 4863
797 1474
800 4672
801 2336
801 4805
802 1323
802 1901
802 4905
803 3688
804 3998
806 3080
806 4301
807 1781
808 1693
808 2700
813 3905
814 1568
815 4643
816 1567
816 1876
816 1904
818 1107
818 3058
823 1499
824 2438
824 4609
826 1992
827 3809
829 1090
830 3420
834 2875
837 2933
838 1108
838 4751
841 4897
844 4611
845 2363
845 4577
846 3866
848 1649
850 4215
851 2360
854 1448
858 1472
859 4569
860 1179
862 3435
863 3565
864 4575
866 4040
871 2624
873 2347
873 3763
875 3144
875 4115
876 3443
884 4579
886 1998
887 3583
894 2432
894 4624
894 4755
896 3372
896 4695
897 4728
898 3717
899 1203
899 3951
903 2278
904 4498
907 2983
907 3537
908 4399
909 2342
909 4784
911 1026
911 2503
913 1761
914 2454
920 2904
923 2805
923 2955
926 2644
926 2893
932 3585
936 1708
936 2729
937 2067
941 3199
942 2770
942 4015
942 4667
943 3648
944 1151
945 1481
945 4632
947 3084
951 1790
952 2894
952 3669
955 4488
956 1313
956 1639
956 4959
957 3157
958 4749
964 2441
969 3484
972 1673
974 3452
974 4729
975 1171
975 2693
975 3466
976 1317
977 3721
981 1830
982 1408
982 4822
983 3743
985 2268
987 2452
987 2745
991 1492
992 2156
993 2368
994 2793
996 2798
999 2626
999 4112
999 4233
1001 1342
1001 3180
1004 3408
1010 3700
1010 4354
1011 4854
1013 2111
1013 3322
1015 1498
1018 2601
1019 1488
1021 1488
1023 4529
1024 1684
1024 4280
1025 3036
1026 1836
1026 1905
1026 4793
1028 3341
1028 3490
1029 1386
1031 2357
1032 3160
1033 3089
1033 4326
1037 4433
1038 2132
1038 2181
1038 3364
1039 3698
1040 1931
1044 4044
1045 2458
1045 3202
1049 2348
1051 3489
1051 3682
1051 4962
1055 1963
1058 3189
1058 4661
1058 4977
1061 1533
1061 2534
1064 1619
1064 4315
1064 4517
1064 4819
1065 2771
1066 4226
1066 4861
1067 1453
1067 4549
1069 4571
1077 2037
1077 4142
1078 1622
1078 2087
1082 2175
1083 4225
1084 3193
1086 4107
1087 4959
1088 1585
1088 4209
1089 3468
1095 4519
1096 1845
1096 4269
1097 3409
1098 1270
1098 4617
1100 3181
1101 1223
1101 3994
1104 4653
1105 3986
1106 1530
1107 3123
1108 1800
1112 2024
1117 4890
1121 2908
1122 4488
1129 4174
1131 1524
1133 4119
1133 4153
1134 2703
1135 3935
1135 4441
1141 3154
1144 2876
1147 2702
1149 2220
1150 3616
1150 3875
1151 3814
1152 4415
1153 3028
1153 3812
1153 4652
1157 1750
1159 4764
1160 3879
1162 2245
1162 2638
1165 3980
1166 2660
1168 1780
1170 3692
1174 4129
1179 2915
1180 4068
1181 3587
1181 3708
1188 4485
1191 1462
1192 1531
1195 2201
1195 2305
1195 4045
1196 3530
1197 4644
1199 3636
1202 4730
1203 4385
1204 3744
1205 4384
1205 4582
1209 3026
1210 4720
1211 1315
1213 1909
1213 4622
1214 3992
1215 2457
1218 1832
1218 4490
1219 3970
1222 3594
1224 1493
1224 4168
1225 2932
1228 2668
1231 4147
1233 3771
1239 1753
1240 3318
1241 3045
1241 3958
1243 2368
1245 3768
1247 4694
1251 3440
1251 4042
1252 3563
1252 3620
1254 1792
1254 4360
1256 1940
1258 3772
1258 4999
1259 2142
1264 2623
1264 4324
1267 2522
1268 2954
1269 1645
1269 3061
1269 3095
1269 3350
1271 1386
1273 2804
1273 3182
1273 3308
1274 4323
1276 1278
1276 4049
1277 4931
1278 4629
1279 2714
1279 3412
1282 2986
1282 3305
1284 4950
1285 4626
1285 4819
1288 3977
1289 2712
1290 4139
1292 3947
1293 4656
1293 4910
1294 2315
1298 3012
1300 2381
1300 4516
1304 1749
1304 3408
1305 3365
1310 3912
1311 3772
1314 1504
1321 3570
1322 1733
1323 4258
1324 1492
1324 2628
1325 3713
1325 4029
1325 4609
1326 2841
1327 3528
1328 3642
1329 4563
1330 4845
1331 4463
1335 3139
1336 4382
1336 4440
1339 4978
1342 1929
1344 1591
1344 3268
1346 4630
1346 4826
1347 1804
1348 1957
1349 3697
1350 2599
1350 3456
1351 4616
1352 1908
1352 2532
1352 3168
1355 1916
1358 3541
1360 2031
1361 2427
1365 2352
1368 3282
1368 4927
1369 2794
1372 1843
1374 4578
1376 4189
1377 2052
1378 3106
1378 3797
1378 4284
1381 2934
1381 4630
1388 4934
1391 1647
1393 4851
1394 1957
1394 3417
1394 3613
1396 2711
1399 2308
1401 2028
1401 3976
1402 4404
1406 2049
1406 4855
1408 4503
1409 4360
1414 3307
1415 1513
1415 2740
1418 2028
1419 4076
1427 2528
1427 4687
1430 1453
1430 2338
1430 3522
1432 1532
1433 4455
1433 4965
1437 1759
1438 4106
1439 1933
1439 3302
1439 4634
1440 4854
1442 2376
1442 4482
1443 3565
1447 2847
1448 2113
1449 3898
1450 1645
1450 1653
1450 2625
1453 2399
1453 4587
1454 3628
1456 4299
1457 3185
1462 4878
1466 4754
1467 4728
1468 2185
1469 1601
1469 2396
1469 4835
1471 1949
1473 3094
1474 3955
1476 1941
1477 2836
1477 3242
1478 1873
1478 1989
1479 1589
1480 2393
1482 3153
1484 2680
1485 2237
1485 4937
1486 1680
1486 4228
1489 1840
1489 2610
1497 3799
1499 3478
1500 3506
1501 2868
1502 3929
1510 3184
1512 3294
1514 2511
1514 2896
1514 4852
1517 2115
1519 2315
1520 2080
1521 2159
1522 3019
1522 3779
1524 1847
1525 1595
1526 2843
1527 2508
1527 2695
1529 1738
1530 2734
1530 3132
1532 2766
1534 2330
1535 1864
1538 3454
1540 2251
1543 3295
1545 3100
1546 4021
1549 2135
1550 3107
1551 4298
1551 4689
1551 4956
1552 3516
1553 4937
1554 3268
1556 3597
1559 3419
1561 1905
1561 4935
1561 5000
1562 3079
1562 4913
1563 3237
1564 1687
1564 3531
1565 4718
1566 2070
1567 4318
1568 3709
1569 3582
1575 2061
1575 3855
1578 1889
1579 2408
1580 1829
1586 1835
1586 1889
1595 2985
1598 3669
1599 2091
1600 3534
1600 4261
1602 3367
1603 1811
1606 1676
1607 4469
1609 2220
1610 2132
1613 2352
1613 3492
1613 4092
1613 4522
1617 3677
1621 2827
1622 4649
1629 4952
1632 1786
1634 2501
1634 2959
1638 4767
1638 4854
1640 3720
1641 4885
1642 2039
1643 4972
1647 2272
1648 2232
1649 3054
1650 1719
1653 2869
1658 2785
1658 3860
1661 2005
1663 2126
1663 3968
1666 4561
1668 3002
1668 4104
1669 2624
1670 3703
1671 4158
1672 1735
1674 4458
1675 1718
1680 4509
1681 2400
1688 4384
1689 4252
1690 4630
1695 2147
1695 2745
1695 2905
1695 2966
1696 2232
1696 3702
1696 4015
1704 3549
1705 2974
1707 2006
1709 2810
1717 4515
1720 1814
1720 3033
1721 3394
1721 4597
1722 3928
1724 4307
1725 1868
1725 2573
1728 3121
1728 3176
1730 3798
1736 4309
1737 2865
1739 1829
1739 4987
1741 4051
1741 4779
1747 2544
1748 1990
1749 1903
1749 4540
1751 2921
1751 3060
1754 2119
1759 3175
1760 3682
1762 4437
1763 4418
1764 1885
1765 3621
1768 4885
1770 1992
1770 4643
1771 2494
1772 3014
1775 2690
1775 4365
1776 2228
1777 3178
1779 3788
1783 4045
1788 4684
1788 4685
1793 3502
1794 2591
1795 2132
1803 3009
1806 3572
1809 2344
1809 3979
1811 3023
1812 2389
1812 3612
1814 3946
1816 4402
1819 3625
1819 4058
1820 1887
1820 4758
1822 1994
1823 3181
1824 4233
1827 4739
1829 2653
1829 4232
1833 2634
1833 2929
1835 2227
1835 3197
1835 3504
1835 4655
1836 1903
1836 3274
1837 4399
1839 4048
1839 4535
1840 2337
1840 2461
1843 4202
1844 2720
1845 3867
1845 4726
1846 3701
1847 4361
1848 2833
1849 2609
1850 2919
1852 1939
1859 4769
1862 4295
1863 2711
1865 3268
1867 4308
1868 3016
1868 4469
1871 4552
1872 1989
1872 3501
1873 2829
1873 4637
1874 2958
1874 3873
1879 4403
1879 4931
1880 4165
1882 2673
1884 3610
1885 3260
1886 3862
1889 3279
1890 4261
1891 3801
1891 4668
1892 4937
1894 2952
1896 3731
1897 2486
1897 4554
1897 4632
1899 3915
1900 2866
1900 4756
1901 2242
1903 2346
1904 3645
1908 2505
1911 2914
1913 3347
1916 2693
1918 2813
1918 3561
1919 2290
1920 4383
1920 4967
1921 1961
1921 4562
1922 3502
1926 2686
1928 4660
1929 2203
1930 2857
1930 4608
1932 2757
1932 4329
1933 2228
1934 2641
1935 4246
1936 3892
1937 2538
1939 3726
1943 1999
1943 3113
1944 2396
1944 2848
1944 3718
1944 4654
1946 3487
1946 3645
1947 3592
1948 4557
1949 2521
1949 3423
1949 3878
1950 2200
1950 3223
1955 3135
1956 2267
1957 3967
1964 2058
1964 4911
1965 3207
1966 4476
1970 2558
1972 4883
1974 2620
1977 2488
1979 2679
1982 4677
1983 2224
1983 3227
1985 2990
1985 4705
1986 3885
1987 2840
1991 3695
1992 3128
1995 3471
1995 4211
1996 3559
1997 2442
1998 3894
1999 4834
2000 3624
2002 4676
2004 3558
2006 2071
2007 4539
2009 4704
2010 2719
2012 3234
2014 4820
2015 3053
2018 2898
2018 4362
2019 3660
2019 4835
2022 4925
2024 3864
2025 3418
2025 4586
2026 3380
2027 4937
2029 4075
2029 4374
2031 2830
2031 4656
2033 2848
2038 4122
2040 3959
2047 3367
2048 2946
2049 2497
2051 2771
2054 2756
2054 3714
2055 2256
2056 3402
2057 3826
2059 2096
2059 3269
2059 4313
2061 4341
2063 3195
2067 2672
2067 2682
2068 4255
2069 2980
2071 3587
2072 4759
2074 2987
2075 4955
2079 4685
2080 4147
2081 2190
2083 2249
2087 3699
2088 2821
2088 4226
2091 4784
2092 4424
2095 3875
2096 4594
2100 3274
2103 4038
2107 2793
2107 2957
2108 4973
2109 2258
2112 2958
2113 2923
2113 4706
2114 3896
2114 4095
2116 4692
2118 4449
2123 4928
2124 4553
2125 2275
2127 3565
2130 2384
2133 4056
2133 4739
2135 4536
2136 3010
2137 4807
2138 3678
2138 4589
2138 4693
2145 3293
2147 4617
2148 2416
2148 4221
2152 2796
2152 3700
2153 4248
2155 3351
2156 2599
2157 4182
2158 2436
2162 3236
2163 3056
2163 4619
2165 3230
2167 2426
2167 3650
2167 3778
2169 4064
2172 2906
2172 3539
2173 3355
2174 2587
2181 4550
2183 4660
2186 2893
2186 3543
2186 4858
2192 2416
2194 3024
2194 4834
2194 4971
2198 3624
2199 4387
2203 3135
2205 2572
2206 3286
2211 4258
2212 2730
2213 4020
2214 4367
2215 2875
2216 3190
2216 4338
2218 3364
2220 3716
2221 3476
2221 4217
2223 3044
2223 4318
2224 2566
2224 3248
2227 3768
2227 4996
2228 4498
2232 3290
2232 4274
2232 4906
2234 4473
2236 2613
2240 4872
2245 2717
2246 4622
2247 3551
2248 3160
2250 3778
2251 2713
2255 4132
2256 3410
2256 3664
2258 3120
2258 4529
2259 2480
2259 4462
2261 2787
2261 3815
2269 2724
2270 4978
2273 4888
2276 2802
2278 2803
2279 4139
2280 3026
2286 2854
2288 2646
2288 3991
2289 2587
2290 3932
2293 4174
2295 2767
2297 3324
2300 3421
2302 4300
2304 3306
2308 3440
2313 3249
2313 4488
2318 2344
2319 4202
2320 4720
2321 2559
2321 3869
2324 3981
2327 3933
2328 2705
2329 3485
2331 4447
2332 3736
2332 4171
2334 3950
2334 4435
2335 3231
2336 3289
2338 2595
2338 4259
2339 2855
2341 3241
2342 2933
2345 4882
2352 2784
2353 4136
2357 4531
2359 2580
2359 4274
2361 4836
2367 2514
2369 2839
2371 4593
2372 3066
2375 3619
2375 3680
2376 4800
2379 3373
2381 3140
2382 3017
2382 4983
2384 4377
2385 4809
2387 3301
2391 3166
2392 4888
2395 3250
2395 4279
2402 3013
2406 4379
2409 4295
2417 4854
2418 2670
2425 4975
2426 2525
2427 3761
2427 4443
2429 3385
2430 3475
2431 3764
2432 3016
2434 4190
2434 4876
2435 4819
2436 2616
2436 4156
2438 2763
2441 4981
2443 2877
2443 4237
2444 2488
2445 2545
2451 3148
2451 4069
2452 3699
2453 3897
2454 3528
2455 2612
2456 2655
2457 2817
2458 3906
2460 4174
2461 3509
2463 3590
2464 2479
2465 4984
2468 4256
2469 4609
2470 4082
2472 2872
2473 3290
2474 3982
2475 4753
2476 2704
2476 3762
2477 3648
2478 3313
2479 4540
2480 2542
2481 2977
2482 4354
2482 4642
2485 2723
2485 3669
2486 4736
2489 2766
2490 4434
2497 2803
2498 4914
2499 3948
2499 4743
2502 3599
2502 4833
2506 2865
2507 3747
2507 4691
2509 2659
2511 4363
2513 2645
2515 2854
2516 2730
2518 3044
2520 3464
2523 2541
2523 4966
2528 4118
2535 4098
2537 3349
2537 4108
2537 4127
2540 3565
2542 2769
2543 3885
2550 2893
2551 3319
2553 3516
2553 4671
2554 3255
2554 4479
2555 2739
2555 3839
2556 3535
2556 3998
2558 3398
2558 4114
2558 4202
2559 3438
2560 4968
2563 2846
2565 3949
2565 4756
2566 3981
2567 4735
2567 4962
2571 3045
2577 4367
2577 4664
2579 3668
2579 3839
2584 2851
2585 3788
2585 4327
2586 2735
2588 4546
2591 3864
2594 3224
2595 2840
2600 3781
2602 2956
2606 4453
2609 4225
2612 3306
2612 4074
2613 3208
2614 2875
2614 4832
2620 4421
2621 3167
2621 4390
2622 3104
2629 2979
2630 3528
2631 3380
2631 3411
2632 4923
2633 3174
2637 3030
2637 3159
2638 3724
2639 2858
2639 3401
2640 4710
2643 3131
2650 4491
2652 3339
2654 4967
2657 3555
2657 4017
2661 2884
2662 3920
2664 3493
2666 3177
2666 3451
2668 3022
2670 2681
2670 2866
2675 2918
2675 3755
2675 4313
2676 3355
2677 4817
2678 3050
2678 3411
2691 3911
2699 3164
2702 2932
2712 4473
2712 4999
2716 3263
2718 3197
2719 4918
2720 3905
2722 4408
2723 2774
2723 3709
2725 3091
2728 4790
2729 4636
2729 4693
2733 3344
2737 4474
2739 3675
2740 3701
2741 3182
2748 2888
2748 3902
2751 4677
2752 4719
2753 3819
2755 2761
2756 3275
2757 3599
2757 4081
2760 2964
2764 3507
2765 4696
2766 4153
2767 3691
2769 3487
2769 4319
2771 3766
2773 3658
2779 3298
2780 2898
2780 3178
2781 4772
2784 3031
2785 4507
2787 4658
2788 3501
2791 3756
2798 3991
2798 4454
2799 3337
2799 4715
2800 3180
2801 3371
2802 4407
2803 3035
2803 3980
2804 4946
2805 4053
2805 4924
2808 4874
2809 3447
2810 3706
2813 3396
2817 3282
2821 3596
2822 4073
2827 4467
2828 3598
2828 4415
2829 3417
2831 4799
2833 2952
2836 3153
2841 2956
2841 3343
2842 4672
2846 3994
2846 4426
2848 4726
2849 3043
2850 2942
2853 3569
2854 3114
2858 3125
2860 3164
2860 4815
2861 3759
2861 4538
2862 3130
2863 3057
2864 4729
2868 3462
2868 3636
2873 3633
2877 4615
2880 4808
2884 4945
2885 4565
2886 4769
2889 4548
2890 3120
2895 3885
2895 4154
2897 3871
2898 4421
2899 4508
2900 3465
2901 3148
2902 3802
2908 4289
2908 4760
2909 3175
2910 4346
2911 4222
2911 4440
2914 3819
2917 3993
2919 3617
2920 4662
2922 4082
2923 4592
2925 4488
2925 4668
2927 3698
2934 3726
2935 4631
2936 4920
2942 3361
2942 3762
2944 4118
2953 4315
2956 3571
2958 4547
2960 4545
2963 3401
2963 4813
2967 3278
2969 3098
2969 3791
2969 4591
2971 4031
2972 3295
2972 3567
2973 3169
2976 4477
2982 3439
2984 4584
2986 3376
2987 3767
2996 3232
2997 3757
2999 4615
3000 3255
3002 3487
3003 3327
3003 3557
3003 4516
3007 4131
3008 3059
3009 3925
3009 4683
3015 4865
3019 4247
3020 3138
3020 4106
3020 4323
3021 4184
3023 3618
3024 3572
3025 3328
3026 3855
3027 4668
3028 4031
3029 3583
3029 3939
3032 4388
3033 3749
3034 3211
3038 4091
3040 3483
3043 4190
3043 4656
3046 4254
3047 4190
3048 4846
3049 3873
3050 3478
3051 3149
3052 3881
3052 4394
3053 4918
3056 3255
3059 3139
3059 3187
3059 4923
3060 4076
3060 4948
3061 4552
3062 3769
3065 3723
3065 4735
3070 3984
3073 3601
3073 4060
3074 3772
3075 3126
3076 3149
3079 3573
3080 4404
3082 3447
3082 4521
3087 3647
3088 3301
3090 3489
3090 3551
3092 3118
3094 4810
3095 3733
3095 4578
3098 4661
3100 4764
3106 4724
3106 4980
3109 4023
3110 3600
3110 4082
3115 3431
3116 4227
3117 3789
3118 4906
3120 3552
3122 3480
3125 3396
3125 4412
3133 4984
3140 3274
3140 3723
3141 3333
3141 3566
3143 4430
3145 3242
3150 3241
3150 4726
3154 4020
3156 4682
3158 4696
3159 3585
3162 4044
3164 4622
3167 4077
3169 4256
3170 3551
3172 3625
3177 3848
3178 3184
3179 3625
3179 4265
3179 4692
3180 3385
3182 3562
3182 4108
3185 3758
3186 4536
3188 3753
3192 4408
3197 3493
3198 4183
3199 4931
3200 4037
3201 3664
3203 3978
3203 4758
3206 3283
3206 3881
3208 3229
3209 3935
3213 4016
3214 3517
3214 3734
3215 3665
3216 4321
3218 3815
3218 4755
3219 3256
3219 3660
3220 3521
3222 3415
3222 4351
3228 4000
3229 3637
3229 4094
3230 4576
3234 3663
3236 3254
3236 4058
3237 3871
3237 4551
3239 4013
3239 4888
3240 4935
3241 3915
3242 4163
3243 4644
3245 3463
3245 4970
3246 3604
3249 3738
3249 4040
3251 4409
3252 3839
3255 4261
3255 4900
3256 4430
3258 4062
3261 4167
3264 4149
3265 4312
3268 3285
3269 3712
3269 4027
3270 4128
3273 3821
3273 3943
3274 4644
3275 3341
3278 3522
3278 4475
3279 3710
3280 4908
3285 3740
3285 4360
3286 3654
3289 4007
3289 4681
3293 3899
3293 4565
3294 4066
3294 4860
3295 3460
3295 3600
3296 4472
3297 4159
3299 4775
3301 4705
3304 3760
3305 3606
3310 4516
3312 3435
3314 4679
3316 4130
3318 3734
3323 3879
3324 3467
3325 4047
3331 4584
3331 4774
3332 4846
3334 3340
3334 4904
3337 4932
3339 4555
3340 4125
3341 4693
3345 3821
3345 3917
3347 4944
3350 3523
3352 4172
3354 4481
3356 4438
3358 4949
3360 3683
3360 4817
3361 4969
3362 4874
3363 4755
3365 4016
3365 4023
3366 3704
3367 4211
3368 3707
3369 4827
3370 4463
3371 4414
3372 3757
3374 3424
3375 3511
3375 3711
3378 4986
3379 3932
3383 4856
3386 3438
3390 3704
3390 4746
3392 3534
3395 3670
3395 4174
3397 4125
3400 3566
3400 4597
3403 4237
3404 3493
3404 4045
3405 3551
3410 3579
3411 4488
3412 4168
3413 3731
3416 4270
3419 3564
3420 3944
3420 4328
3422 4684
3424 4190
3425 4437
3427 4998
3428 3936
3429 3748
3431 4080
3440 3673
3440 4428
3443 3489
3443 4174
3443 4791
3448 4310
3449 3466
3449 3778
3449 4814
3450 4380
3452 3458
3454 4143
3455 3763
3458 4207
3462 4160
3462 4413
3464 3855
3464 3971
3467 4952
3468 4808
3469 4804
3470 3681
3475 3870
3476 4935
3477 3679
3478 3691
3478 4240
3483 4894
3484 4367
3487 3673
3488 4484
3489 4377
3494 3805
3494 4269
3496 3532
3497 4745
3498 3575
3499 3519
3499 4453
3499 4715
3505 4762
3508 4478
3509 4452
3511 4027
3520 3998
3523 3853
3526 3754
3528 3901
3529 3565
3530 3604
3530 3625
3531 3562
3532 4601
3533 3891
3535 4360
3536 3861
3536 4430
3536 4876
3538 4431
3539 3882
3544 4576
3546 4542
3547 4162
3548 4780
3550 4117
3553 3741
3553 4426
3557 4074
3557 4550
3559 4787
3561 3676
3562 4052
3562 4443
3563 3637
3564 3992
3565 4028
3565 4218
3569 3794
3570 4691
3573 4411
3573 4548
3574 4159
3584 4241
3584 4635
3585 4289
3585 4319
3586 4271
3587 4625
3588 4568
3589 4016
3589 4705
3590 3697
3592 3729
3592 4367
3594 4214
3596 4409
3597 4556
3598 4320
3598 4662
3602 3777
3604 4538
3605 3821
3605 4300
3605 4440
3608 4788
3612 4342
3612 4529
3613 3707
3613 3842
3614 4664
3615 3908
3615 4144
3615 4840
3618 3678
3618 4439
3622 4876
3623 4638
3625 4524
3628 4057
3634 4016
3634 4147
3634 4753
3636 4916
3637 4251
3637 4652
3638 4160
3638 4886
3639 4065
3642 4143
3645 4698
3646 3745
3647 4372
3650 4026
3652 4159
3652 4160
3652 4373
3653 4626
3657 4787
3658 4013
3668 4020
3670 3807
3670 3810
3675 4319
3676 4830
3686 3758
3689 4703
3692 4550
3693 3963
3696 4920
3699 3767
3699 3900
3699 4354
3705 3797
3705 4662
3706 3765
3711 4279
3712 4172
3712 4401
3713 4901
3717 4966
3720 3859
3720 4078
3721 4609
3724 4634
3730 4949
3731 4003
3734 4954
3735 4110
3735 4979
3736 4704
3739 3750
3740 4135
3742 3927
3744 4805
3746 4692
3749 4705
3749 4915
3752 4286
3752 4721
3753 4253
3756 4040
3759 4675
3760 4405
3771 4465
3778 4349
3779 4720
3780 4868
3781 4501
3782 4903
3784 3919
3784 4185
3785 4952
3789 4720
3792 3974
3793 4245
3795 4811
3795 4834
3796 4410
3801 4069
3801 4412
3801 4438
3801 4991
3805 4590
3806 4456
3810 4637
3812 4736
3813 4423
3813 4483
3814 4032
3816 4636
3823 3984
3825 4405
3826 4743
3826 4743
3830 4039
3830 4510
3833 4882
3834 4181
3834 4615
3840 4232
3840 4722
3842 3842
3843 4063
3843 4424
3846 4051
3846 4911
3849 4023
3850 3973
3851 4145
3851 4379
3854 4556
3854 4944
3856 3912
3856 4153
3856 4787
3858 4284
3860 4858
3861 3971
3864 3883
3865 4065
3865 4579
3866 4347
3869 4185
3870 4615
3874 4446
3875 4757
3875 4772
3876 4688
3879 4888
3884 4992
3885 4035
3886 4545
3888 4860
3890 4365
3893 3906
3893 4197
3894 4188
3895 4460
3897 4503
3898 4202
3899 4284
3900 4579
3904 4065
3905 4013
3905 4485
3905 4580
3906 3951
3909 3976
3909 4429
3910 4119
3910 4973
3912 3925
3913 4329
3913 4826
3914 4182
3920 4181
3922 4584
3922 4680
3926 4555
3933 3949
3935 4250
3935 4735
3938 4364
3941 4516
3942 4351
3942 4393
3943 4523
3943 4636
3943 4798
3945 4376
3948 4233
3950 4385
3957 3977
3957 4454
3959 4914
3960 4456
3963 4303
3965 4973
3968 4273
3968 4902
3970 4446
3975 4191
3975 4362
3976 4523
3976 4810
3976 4956
3977 4310
3977 4980
3978 4873
3981 4742
3984 4474
3987 4218
3992 4062
3994 4103
3996 4249
4002 4793
4002 4961
4003 4701
4005 4484
4007 4651
4008 4856
4009 4347
4013 4914
4017 4524
4017 4733
4024 4516
4027 4825
4028 4182
4028 4449
4032 4081
4033 4824
4038 4123
4039 4051
4039 4796
4044 4502
4044 4792
4047 4694
4055 4352
4055 4899
4056 4864
4057 4058
4057 4336
4057 4686
4061 4320
4064 4233
4066 4413
4066 4655
4067 4985
4068 4253
4074 4245
4074 4883
4074 4980
4080 4521
4082 4377
4084 4260
4084 4703
4086 4209
4087 4319
4088 4372
4089 4340
4089 4357
4090 4158
4090 4836
4091 4272
4091 4459
4091 4505
4092 4171
4092 4337
4093 4813
4096 4866
4098 4152
4100 4891
4102 4665
4105 4343
4105 4423
4105 4555
4105 4933
4107 4395
4109 4119
4110 4632
4112 4823
4112 4951
4116 4913
4117 4351
4118 4860
4119 4466
4120 4604
4121 4241
4121 4493
4122 4684
4126 4580
4128 4275
4128 4918
4129 4737
4130 4310
4131 4528
4136 4571
4136 4584
4137 4216
4141 4972
4144 4564
4145 4728
4148 4746
4151 4987
4159 4937
4160 4675
4162 4494
4167 4402
4172 4214
4174 4394
4175 4486
4182 4194
4183 4943
4187 4351
4188 4579
4188 4832
4189 4976
4193 4424
4193 4759
4195 4601
4196 4574
4196 4936
4203 4464
4205 4970
4210 4419
4211 4951
4212 4368
4217 4531
4217 4624
4217 4654
4220 4333
4221 4983
4222 4837
4223 4964
4224 4342
4224 4950
4227 4793
4227 4807
4228 4459
4228 4567
4234 4989
4235 4663
4236 4247
4239 4286
4242 4242
4242 4480
4243 4480
4244 4516
4245 4273
4245 4827
4247 4678
4252 4500
4259 4579
4263 4340
4265 4783
4265 4855
4267 4483
4268 4310
4269 4384
4270 4330
4271 4564
4272 4805
4273 4819
4276 4358
4277 4655
4277 4983
4278 4489
4281 4420
4282 4468
4283 4624
4283 4791
4283 4944
4284 4476
4284 4785
4284 4809
4288 4635
4288 4803
4290 4764
4291 4298
4294 4471
4295 4487
4296 4489
4298 4761
4301 4784
4304 4815
4305 4649
4307 4359
4310 4580
4315 4536
4315 4949
4316 4639
4316 4854
4317 4331
4317 4363
4318 4447
4321 4862
4322 4605
4323 4993
4325 4657
4327 4998
4333 4624
4334 4878
4336 4590
4338 4353
4343 4764
4345 4658
4348 4578
4348 4835
4349 4938
4350 4422
4350 4661
4356 4514
4359 4936
4360 4477
4361 4785
4362 4582
4370 4391
4374 4537
4374 4593
4376 4610
4376 4712
4377 4414
4378 4460
4378 4810
4379 4488
4380 4953
4381 4461
4382 4503
4383 4533
4383 4640
4384 4477
4385 4635
4388 4881
4389 4720
4389 4954
4390 4642
4391 4914
4394 4598
4394 4878
4396 4908
4397 4815
4399 4510
4401 4465
4401 4777
4404 4705
4406 4720
4406 4761
4406 4882
4406 4904
4407 4790
4408 4871
4409 4503
4409 4590
4412 4746
4414 4578
4414 4911
4416 4924
4418 4558
4420 4794
4421 4868
4422 4496
4422 4770
4424 4910
4429 4701
4430 4842
4433 4835
4434 4775
4435 4497
4437 4889
4439 4710
4442 4529
4443 4527
4446 4947
4448 4680
4451 4898
4458 4515
4461 4590
4465 4547
4465 4558
4465 4733
4466 4570
4466 4814
4467 4772
4468 4815
4470 4753
4473 4840
4474 4499
4476 4813
4477 4508
4477 4896
4477 4937
4479 4627
4480 4882
4482 4613
4482 4654
4485 4859
4486 4758
4487 4966
4488 4807
4491 4536
4491 4544
4492 4796
4496 4791
4498 4908
4498 4968
4501 4740
4501 4800
4502 4824
4506 4990
4507 4899
4510 4718
4511 4586
4511 4915
4514 4542
4514 4604
4514 4811
4520 4640
4521 4646
4521 4717
4522 4549
4523 4693
4524 4699
4525 4815
4527 4655
4528 4555
4532 4854
4534 4570
4534 4965
4535 4632
4536 4586
4536 4906
4540 4991
4541 4685
4541 4745
4541 4806
4541 4887
4545 4579
4546 4606
4548 4802
4552 4699
4557 4835
4557 4892
4560 4731
4562 4598
4562 4776
4563 4979
4564 4774
4565 4575
4567 4707
4572 4918
4572 4940
4578 4599
4579 4852
4580 4893
4581 4738
4583 4858
4585 4969
4591 4830
4598 4888
4605 4616
4606 4739
4607 4986
4609 4643
4609 4848
4609 4928
4614 4920
4614 4934
4615 4914
4615 4953
4618 4853
4623 4890
4625 4661
4626 4698
4627 4640
4628 4831
4630 4764
4631 4676
4635 4783
4635 4991
4638 4924
4640 4652
4642 4741
4647 4723
4647 4775
4648 4940
4649 4913
4650 4855
4650 4989
4653 4767
4653 4859
4653 4951
4654 4751
4655 4768
4656 4897
4657 4658
4658 4690
4662 4669
4663 4685
4666 4956
4668 4978
4669 4815
4672 4982
4674 4698
4674 4705
4674 4874
4677 4910
4678 4799
4678 4856
4679 4860
4679 4999
4680 4763
4680 4935
4681 4785
4683 4908
4683 4959
4684 4850
4685 4742
4686 4841
4687 4893
4688 4900
4688 4911
4690 4892
4690 4915
4691 4962
4694 4988
4695 4924
4697 4906
4700 4869
4703 4748
4704 4842
4704 4997
4707 4821
4711 4944
4711 4963
4712 4820
4716 4960
4719 4736
4719 4918
4722 4859
4727 4788
4728 4891
4730 4870
4734 4760
4736 4941
4736 4950
4739 4886
4741 4829
4742 4864
4745 4758
4747 4770
4747 4819
4749 4952
4752 4975
4754 4958
4757 4829
4761 4967
4764 4852
4764 4871
4769 4847
4770 4955
4772 4842
4772 4979
4777 4864
4777 4957
4778 4979
4780 4830
4780 4982
4782 4875
4783 4839
4787 4852
4787 4942
4790 4950
4791 4995
4793 4819
4793 4828
4794 4904
4796 4849
4796 4903
4796 4969
4798 4818
4798 4818
4801 4811
4801 4977
4802 4943
4803 4861
4803 4893
4803 4911
4808 4978
4810 4859
4810 4911
4815 4821
4815 4975
4818 4896
4821 4828
4821 4833
4822 4983
4823 4885
4824 4836
4825 4957
4826 4843
4828 4852
4830 4916
4831 4874
4835 4863
4840 4990
4841 4974
4842 4881
4844 4921
4845 4960
4845 4987
4848 4951
4851 4868
4851 4917
4853 4888
4855 4989
4855 4992
4862 4874
4863 4979
4872 4955
4873 4900
4874 4974
4874 4984
4876 4917
4877 4878
4877 4939
4879 4984
4880 4888
4881 4980
4882 4890
4882 4944
4882 4944
4885 5000
4886 4999
4887 4930
4889 4930
4889 4938
4890 4996
4892 4949
4892 4988
4894 4957
4895 4907
4897 4949
4898 4976
4900 4962
4901 4923
4904 4967
4905 4990
4906 4999
4907 4978
4907 4981
4911 4982
4911 4998
4915 4954
4917 4976
4919 4950
4919 4969
4920 4980
4922 4948
4930 4954
4931 4957
4933 4999
4934 4953
4934 4984
4937 4937
4937 4971
4938 4968
4939 4983
4943 4953
4943 4987
4944 4979
4946 4971
4946 4981
4948 4976
4948 4997
4948 4998
4949 5000
4950 4986
4951 4963
4952 4952
4953 4982
4954 4955
4955 4969
4959 4971
4960 4989
4964 4978
4968 4985
4969 4978
4971 4990
4974 4980
4975 4977
4976 4988
4978 4995
4984 4989
4984 4993
4986 4999
4987 4994
4989 4996
4989 4997
4990 4997
4995 5000
4999 4999
